[LEFT_CAM_2K]
fx=1399.32
fy=1399.32
cx=1047.38
cy=679.883
k1=-0.170892
k2=0.0269716

[RIGHT_CAM_2K]
fx=1401.83
fy=1401.83
cx=1078.62
cy=613.955
k1=-0.169488
k2=0.0263186

[STEREO]
CV_2K=0.00411442
RX_2K=0.00621465
RZ_2K=-0.000192832
BaseLine=120.062
CV_FHD=0.00411442
RX_FHD=0.00621465
RZ_FHD=-0.000192832
CV_HD=0.00411442
RX_HD=0.00621465
RZ_HD=-0.000192832
CV_VGA=0.00411442
RX_VGA=0.00621465
RZ_VGA=-0.000192832

[LEFT_CAM_FHD]
fx=1399.32
fy=1399.32
cx=903.376
cy=598.883
k1=-0.170892
k2=0.0269716

[RIGHT_CAM_FHD]
fx=1401.83
fy=1401.83
cx=934.618
cy=532.955
k1=-0.169488
k2=0.0263186

[LEFT_CAM_HD]
fx=699.662
fy=699.662
cx=610.188
cy=387.941
k1=-0.170892
k2=0.0269716

[RIGHT_CAM_HD]
fx=700.917
fy=700.917
cx=625.809
cy=354.978
k1=-0.169488
k2=0.0263186

[LEFT_CAM_VGA]
fx=349.831
fy=349.831
cx=320.094
cy=200.971
k1=-0.170892
k2=0.0269716

[RIGHT_CAM_VGA]
fx=350.459
fy=350.459
cx=327.904
cy=184.489
k1=-0.169488
k2=0.0263186
